data/20210326_SeismicStudy_v1_delivered.ecsv
# %ECSV 0.9
# ---
# datatype:
# - {name: telescope_name, datatype: string, description: common telescope name}
# - {name: utm_east, unit: m, datatype: float32}
# - {name: utm_north, unit: m, datatype: float32}
# meta: !!omap
# - data_type: positionfile
# - description: "telescope positions for CTA South (Paranal)"
# - center_lon: "-70.316345 deg"
# - center_lat: "-24.683429 deg"
# - center_alt: "2162.35 m"
# - center_northing: "7269466.0 m"
# - center_easting: "366822.0 m"
# - corsika_obs_level: "2147 m"
# - corsika_sphere_radius: {LST: 12.5 m, MST: 9.6 m, SST: 3 m}
# - corsika_sphere_center: {LST: 16 m, MST: 9 m, SST: 3.25 m}
# - EPSG: 32719
# - comments: |
#       version 0.1
#       coordinate centres using UTM system
telescope_name utm_east utm_north 
L-01 366887.00 7269446.00
L-02 366822.00 7269546.00
L-03 366757.00 7269446.00
L-04 366822.00 7269346.00
M-01 366822.00 7269465.98
M-02 366973.22 7269465.98
M-04 366670.78 7269465.98
M-06 366584.95 7269622.49
M-07 366746.39 7269613.43
M-08 366897.61 7269613.43
M-09 367062.01 7269617.91
M-10 366581.99 7269314.05
M-11 366746.39 7269318.54
M-12 366896.20 7269318.54
M-13 367035.05 7269309.47
M-15 366659.38 7269779.56
M-16 366822.00 7269779.56
M-17 366984.62 7269779.56
M-20 366659.38 7269152.40
M-21 366822.00 7269152.40
M-22 366984.62 7269152.40
M-24 366827.59 7270048.26
M-25 366816.41 7268883.70
S-03 366661.11 7269258.93
S-04 366982.89 7269258.93
S-05 366398.73 7269634.88
S-06 367245.28 7269634.88
S-07 366398.72 7269297.08
S-08 367245.28 7269297.08
S-09 366302.13 7269465.98
S-10 367341.87 7269465.98
S-11 366414.49 7269853.76
S-12 367229.51 7269853.76
S-13 366414.49 7269078.20
S-14 367229.51 7269078.20
S-15 366711.99 7269961.61
S-16 366932.01 7269961.61
S-17 366711.99 7268970.36
S-18 366932.01 7268970.36
S-19 366098.40 7269465.98
S-20 367545.60 7269465.98
S-21 366502.00 7270081.11
S-22 367142.00 7270081.11
S-23 366502.00 7268850.86
S-24 367142.00 7268850.86
S-29 366857.36 7270251.25
S-30 366822.00 7268645.34
S-31 366012.00 7269694.46
S-32 367621.13 7269679.16
S-33 366022.87 7269252.80
S-34 367601.50 7269237.50
S-35 365877.58 7269475.05
S-36 367766.43 7269456.92
S-37 366259.08 7270134.03
S-38 367397.63 7270123.11
S-39 366246.36 7268808.86
S-40 367384.92 7268797.93
S-41 366602.75 7270351.69
S-42 367058.21 7270347.32
S-43 366585.79 7268584.65
S-44 367041.25 7268580.28
S-57 366842.00 7270566.13
S-58 366811.44 7268365.83
S-63 366082.20 7270422.80
S-64 367561.80 7270422.80
S-65 366082.20 7268509.20
S-66 367561.80 7268509.20
S-67 366464.43 7270665.68
S-68 367202.53 7270658.60
S-69 366441.47 7268273.36
S-70 367179.57 7268266.28
S-71 366472.00 7269465.98
S-72 367172.00 7269465.98
S-73 366502.00 7269196.00
S-74 367142.00 7269196.00
S-75 366502.00 7269736.00
S-76 367142.00 7269736.00
S-77 366247.00 7269186.00
S-78 367397.00 7269186.00
S-79 366247.00 7269746.00
S-80 367397.00 7269746.00
S-81 366647.00 7268781.00
S-82 366997.00 7268781.00
S-83 366647.00 7270151.00
S-84 366997.00 7270151.00
S-91 367412.00 7269586.00
S-92 367412.00 7269346.00
S-93 366232.00 7269586.00
S-94 366232.00 7269346.00
S-95 366357.00 7268970.36
S-96 367287.00 7268970.36
S-97 366357.00 7269961.61
S-98 367287.00 7269961.61
S-99 366462.00 7268696.00
S-100 367182.00 7268696.00
S-101 366462.00 7270236.00
S-102 367182.00 7270236.00
S-115 367566.00 7269934.00
S-116 366080.00 7269937.00
S-117 366076.00 7269002.00
S-118 367564.00 7268995.00
S-119 366822.00 7269669.00
S-120 366822.00 7269235.47
