data/20210326_SeismicStudy.ecsv
# %ECSV 0.9
# ---
# datatype:
# - {name: telescope_name, datatype: string, description: common telescope name}
# - {name: utm_east, unit: m, datatype: float32}
# - {name: utm_north, unit: m, datatype: float32}
# meta: !!omap
# - data_type: positionfile
# - description: "telescope positions for CTA South (Paranal)"
# - center_lon: "-70.316345 deg"
# - center_lat: "-24.683429 deg"
# - center_alt: "2162.35 m"
# - center_northing: "7269466.0 m"
# - center_easting: "366822.0 m"
# - corsika_obs_level: "2147 m"
# - corsika_sphere_radius: {LST: 12.5 m, MST: 9.6 m, SST: 3 m}
# - corsika_sphere_center: {LST: 16 m, MST: 9 m, SST: 3.25 m}
# - EPSG: 32719
# - comments: |
#       version 0.1
#       coordinate centres using UTM system
telescope_name utm_east utm_north 
L-01 366887.000 7269446.000
L-02 366822.000 7269546.000
L-03 366757.000 7269446.000
L-04 366822.000 7269346.000
M-01 366822.000 7269465.983
M-02 366973.221 7269465.983
M-04 366670.780 7269465.983
M-06 366584.948 7269622.493
M-07 366746.390 7269613.428
M-08 366897.611 7269613.428
M-09 367062.013 7269617.915
M-10 366581.989 7269314.051
M-11 366746.390 7269318.538
M-12 366896.203 7269318.538
M-13 367035.054 7269309.473
M-15 366659.378 7269779.565
M-16 366822.000 7269779.565
M-17 366984.622 7269779.565
M-20 366659.378 7269152.401
M-21 366822.000 7269152.401
M-22 366984.622 7269152.401
M-23 367272.200 7269174.900
M-24 366827.588 7270048.262
M-25 366816.413 7268883.704
S-03 366661.107 7269258.930
S-04 366982.893 7269258.930
S-05 366398.725 7269634.882
S-06 367245.277 7269634.882
S-07 366398.723 7269297.084
S-08 367245.277 7269297.084
S-09 366302.131 7269465.983
S-10 367341.871 7269465.983
S-11 366414.488 7269853.761
S-12 367229.512 7269853.761
S-13 366414.488 7269078.205
S-14 367229.512 7269078.205
S-15 366711.986 7269961.606
S-16 366932.015 7269961.606
S-17 366711.986 7268970.360
S-18 366932.015 7268970.360
S-19 366098.404 7269465.983
S-20 367545.599 7269465.983
S-21 366502.000 7270081.108
S-22 367142.000 7270081.108
S-23 366502.000 7268850.858
S-24 367142.000 7268850.858
S-29 366864.900 7270346.094
S-30 366822.000 7268645.342
S-31 366012.000 7269694.460
S-32 367621.128 7269679.165
S-33 366022.875 7269252.802
S-34 367601.499 7269237.505
S-35 365877.575 7269475.046
S-36 367766.430 7269456.920
S-37 366259.082 7270134.034
S-38 367397.635 7270123.111
S-39 366246.365 7268808.858
S-40 367384.919 7268797.930
S-41 366602.747 7270351.687
S-42 367058.208 7270347.318
S-43 366585.790 7268584.650
S-44 367041.252 7268580.278
S-57 366842.000 7270566.130
S-58 366811.442 7268365.830
S-63 366082.200 7270422.800
S-64 367561.800 7270422.800
S-65 366082.200 7268509.200
S-66 367561.800 7268509.200
S-67 366464.427 7270665.680
S-68 367202.527 7270658.600
S-69 366441.470 7268273.360
S-70 367179.570 7268266.280
S-71 366472.000 7269465.983
S-72 367172.000 7269465.983
S-73 366502.000 7269196.000
S-74 367142.000 7269196.000
S-75 366502.000 7269736.000
S-76 367142.000 7269736.000
S-77 366247.000 7269186.000
S-78 367397.000 7269186.000
S-79 366247.000 7269746.000
S-80 367397.000 7269746.000
S-81 366647.000 7268781.000
S-82 366997.000 7268781.000
S-83 366647.000 7270151.000
S-84 366997.000 7270151.000
S-91 367412.000 7269586.000
S-92 367412.000 7269346.000
S-93 366232.000 7269586.000
S-94 366232.000 7269346.000
S-95 366357.000 7268970.360
S-96 367287.000 7268970.360
S-97 366357.000 7269961.606
S-98 367287.000 7269961.606
S-99 366462.000 7268696.000
S-100 367182.000 7268696.000
S-101 366462.000 7270236.000
S-102 367182.000 7270236.000
S-115 367566.000 7269934.000
S-116 366080.000 7269937.000
S-117 366076.000 7269002.000
S-118 367564.000 7268995.000
S-119 366822.000 7269669.000
