data/CTAO_20170929.ecsv
# %ECSV 0.9
# ---
# datatype:
# - {name: telescope_name, datatype: string, description: common telescope name}
# - {name: utm_east, unit: m, datatype: float32}
# - {name: utm_north, unit: m, datatype: float32}
# - {name: alt, unit: m, datatype: float32, description: telescope position upwards relative to NNN}
# meta: !!omap
# - data_type: positionfile
# - description: "telescope positions for CTA South (Paranal)"
# - center_lon: "-70.316345 deg"
# - center_lat: "-24.683429 deg"
# - center_alt: "2162.35 m"
# - center_northing: "7269466.0 m"
# - center_easting: "366822.0 m"
# - corsika_obs_level: "2147 m"
# - corsika_sphere_radius: {LST: 12.5 m, MST: 9.6 m, SST: 3 m}
# - corsika_sphere_center: {LST: 16 m, MST: 9 m, SST: 3.25 m}
# - EPSG: 32719
# - comments: |
#       version 0.1
#       coordinate centres using WGS84 system
telescope_name utm_east utm_north alt
L-01 366887.00 7269446.00 2165.30
L-02 366822.00 7269546.00 2160.40
L-03 366757.00 7269446.00 2162.00
L-04 366822.00 7269346.00 2164.10
M-01 366822.00 7269466.00 2162.35
M-02 366973.20 7269466.00 2169.00
M-03 367147.20 7269466.00 2177.00
M-04 366670.80 7269466.00 2163.00
M-05 366496.80 7269466.00 2161.50
M-06 366583.50 7269620.20 2162.00
M-07 366746.40 7269612.70 2159.00
M-08 366897.60 7269612.70 2164.00
M-09 367060.50 7269620.20 2168.00
M-10 366583.50 7269311.80 2165.00
M-11 366746.40 7269319.30 2166.00
M-12 366897.60 7269319.30 2166.00
M-13 367060.50 7269311.80 2176.50
M-14 366371.80 7269757.00 2163.00
M-15 366659.40 7269781.50 2156.50
M-16 366822.00 7269774.40 2157.50
M-17 366984.60 7269781.50 2160.50
M-18 367272.20 7269757.00 2176.50
M-19 366371.80 7269174.90 2155.00
M-20 366659.40 7269150.90 2168.50
M-21 366822.00 7269157.60 2167.50
M-22 366984.60 7269150.90 2173.00
M-23 367272.20 7269174.90 2190.00
M-24 366822.00 7270048.20 2151.50
M-25 366822.00 7268883.80 2174.00
S-01 366663.10 7269671.50 2158.00
S-02 366980.90 7269671.50 2163.50
S-03 366663.10 7269260.50 2166.00
S-04 366980.90 7269260.50 2172.00
S-05 366397.20 7269630.80 2162.00
S-06 367246.80 7269630.80 2177.00
S-07 366397.20 7269301.20 2154.00
S-08 367246.80 7269301.20 2186.00
S-09 366302.20 7269466.00 2155.50
S-10 367341.80 7269466.00 2185.00
S-11 366418.30 7269857.60 2155.00
S-12 367225.70 7269857.60 2172.00
S-13 366418.30 7269074.40 2157.00
S-14 367225.70 7269074.40 2194.00
S-15 366712.00 7269960.50 2153.00
S-16 366932.00 7269960.50 2155.50
S-17 366712.00 7268971.50 2172.00
S-18 366932.00 7268971.50 2174.00
S-19 366098.50 7269466.00 2155.50
S-20 367545.50 7269466.00 2203.50
S-21 366503.40 7270084.10 2151.00
S-22 367140.10 7270084.10 2163.00
S-23 366503.40 7268847.90 2163.50
S-24 367140.60 7268847.90 2193.00
S-25 366148.80 7269901.30 2174.00
S-26 367495.20 7269901.30 2191.00
S-27 366148.80 7269030.70 2151.00
S-28 367495.20 7269030.70 2214.00
S-29 366822.00 7270286.00 2148.00
S-30 366822.00 7268646.00 2174.50
S-31 366025.10 7269686.80 2169.00
S-32 367618.90 7269686.80 2200.00
S-33 366025.10 7269245.20 2154.00
S-34 367618.90 7269245.20 2212.00
S-35 365877.70 7269466.00 2171.00
S-36 367766.30 7269466.00 2219.00
S-37 366252.80 7270128.50 2157.00
S-38 367391.20 7270128.50 2187.00
S-39 366252.80 7268803.50 2152.00
S-40 367391.20 7268803.50 2210.00
S-41 366594.30 7270349.40 2150.00
S-42 367049.70 7270349.40 2153.00
S-43 366594.30 7268582.60 2168.00
S-44 367049.70 7268582.60 2186.00
S-45 366349.80 7270381.90 2156.50
S-46 367294.20 7270381.90 2170.00
S-47 366349.80 7268550.10 2155.00
S-48 367294.20 7268550.10 2203.00
S-49 365850.80 7269937.00 2200.00
S-50 367793.20 7269937.00 2209.50
S-51 365850.80 7268995.00 2160.50
S-52 367793.20 7268995.00 2231.00
S-53 365972.20 7270172.50 2193.00
S-54 367671.80 7270172.50 2197.50
S-55 365972.20 7268759.50 2158.50
S-56 367671.80 7268759.50 2228.50
S-57 366822.00 7270566.00 2147.50
S-58 366822.00 7268366.00 2171.50
S-59 365712.30 7269705.20 2199.00
S-60 367931.70 7269705.20 2221.50
S-61 365712.30 7269228.00 2169.00
S-62 367931.70 7269226.80 2233.00
S-63 366082.20 7270422.80 2171.00
S-64 367561.80 7270422.80 2190.00
S-65 366082.20 7268509.20 2161.00
S-66 367561.80 7268509.20 2227.00
S-67 366453.00 7270662.00 2154.00
S-68 367191.00 7270662.00 2163.00
S-69 366453.00 7268270.00 2156.50
S-70 367191.00 7268270.00 2191.00
