data/telescope_positions_prod5_4LSTs25MSTs40SSTs_C8akdb_south_utm.ecsv
# %ECSV 0.9
# ---
# datatype:
# - {name: telescope_name, datatype: string, description: common telescope name}
# - {name: utm_east, unit: m, datatype: float32}
# - {name: utm_north, unit: m, datatype: float32}
# - {name: alt, unit: m, datatype: float32, description: telescope position upwards relative to NNN}
# meta: !!omap
# - data_type: positionfile
# - description: "telescope positions for CTA South (Paranal - C8ak_db configuration)"
# - center_lon: "-70.316345 deg"
# - center_lat: "-24.683429 deg"
# - center_alt: "2162.35 m"
# - center_northing: "7269466.0 m"
# - center_easting: "366822.0 m"
# - corsika_obs_level: "2147 m"
# - corsika_sphere_radius: {LST: 12.5 m, MST: 9.6 m, SST: 3 m}
# - corsika_sphere_center: {LST: 16 m, MST: 9 m, SST: 3.25 m}
# - EPSG: 32719
# - comments: |
#       version 0.1
#       UTM Zone 19 (S)
#       prod5
telescope_name utm_east utm_north alt
L-01    366887    7269446    0.
L-02    366822    7269546    0.
L-03    366757    7269446    0.
L-04    366822    7269346    0.
M-01    366822    7269466    0.
M-02    366973    7269466    0.
M-03    367147    7269466    0.
M-04    366671    7269466    0.
M-05    366497    7269466    0.
M-06    366582    7269616    0.
M-07    366747    7269616    0.
M-08    366897    7269616    0.
M-09    367062    7269616    0.
M-10    366582    7269316    0.
M-11    366747    7269316    0.
M-12    366897    7269316    0.
M-13    367062    7269316    0.
M-14    366372    7269757    0.
M-15    366660    7269779    0.
M-16    366822    7269779    0.
M-17    366984    7269779    0.
M-18    367272    7269757    0.
M-19    366372    7269175    0.
M-20    366660    7269153    0.
M-21    366822    7269153    0.
M-22    366984    7269153    0.
M-23    367272    7269175    0.
M-24    366822    7270048    0.
M-25    366822    7268884    0.
S-01    366822    7269665    0.
S-02    366822    7269266    0.
S-03    366497    7269715    0.
S-04    366497    7269217    0.
S-05    366245    7269715    0.
S-06    366245    7269217    0.
S-07    366025    7269686    0.
S-08    366025    7269246    0.
S-09    366323    7269466    0.
S-10    366073    7269466    0.
S-11    366692    7269965    0.
S-12    366323    7269965    0.
S-13    366018    7269932    0.
S-14    366952    7269965    0.
S-15    367321    7269965    0.
S-16    367626    7269932    0.
S-17    367147    7269715    0.
S-18    367399    7269217    0.
S-19    367399    7269715    0.
S-20    367619    7269246    0.
S-21    367619    7269686    0.
S-22    367321    7269466    0.
S-23    367571    7269466    0.
S-24    366018    7269000    0.
S-25    366323    7268967    0.
S-26    366692    7268967    0.
S-27    366952    7268967    0.
S-28    367321    7268967    0.
S-29    367626    7269000    0.
S-30    366174    7268649    0.
S-31    366455    7268718    0.
S-32    366822    7268675    0.
S-33    367189    7268718    0.
S-34    367470    7268649    0.
S-35    366174    7270282    0.
S-36    366455    7270214    0.
S-37    366822    7270256    0.
S-38    367189    7270214    0.
S-39    367470    7270282    0.
S-40    367147    7269217    0.
